ID		XNode		YNode		WidthNode		HeightNode		ChildNodeCount		ObjectsCount		ChildsIndex
0		0		0		3840				3840				4		0		
01		0		0		1920				1920				0		0		
02		1920		0		1920				1920				0		0		
03		0		1920		1920				1920				4		0		
031		0		1920		960				960				4		0		
0311		0		1920		480				480				0		0		
0312		480		1920		480				480				0		0		
0313		0		2400		480				480				4		0		
03131		0		2400		240				240				0		0		
03132		240		2400		240				240				0		0		
03133		0		2640		240				240				4		0		
031331		0		2640		120				120				0		0		
031332		120		2640		120				120				0		0		
031333		0		2760		120				120				0		1		14		
031334		120		2760		120				120				0		3		8		11		14		
03134		240		2640		240				240				4		0		
031341		240		2640		120				120				0		1		5		
031342		360		2640		120				120				0		2		2		5		
031343		240		2760		120				120				0		4		5		8		11		14		
031344		360		2760		120				120				0		4		5		8		11		14		
0314		480		2400		480				480				4		0		
03141		480		2400		240				240				0		0		
03142		720		2400		240				240				0		0		
03143		480		2640		240				240				4		0		
031431		480		2640		120				120				0		1		56		
031432		600		2640		120				120				0		1		56		
031433		480		2760		120				120				0		0		
031434		600		2760		120				120				0		1		57		
03144		720		2640		240				240				4		0		
031441		720		2640		120				120				0		1		56		
031442		840		2640		120				120				0		0		
031443		720		2760		120				120				0		2		57		58		
031444		840		2760		120				120				0		2		57		58		
032		960		1920		960				960				4		0		
0321		960		1920		480				480				0		0		
0322		1440		1920		480				480				0		0		
0323		960		2400		480				480				4		0		
03231		960		2400		240				240				0		0		
03232		1200		2400		240				240				0		0		
03233		960		2640		240				240				4		0		
032331		960		2640		120				120				0		0		
032332		1080		2640		120				120				0		0		
032333		960		2760		120				120				0		1		58		
032334		1080		2760		120				120				0		2		15		58		
03234		1200		2640		240				240				4		0		
032341		1200		2640		120				120				0		0		
032342		1320		2640		120				120				0		0		
032343		1200		2760		120				120				0		1		15		
032344		1320		2760		120				120				0		1		15		
0324		1440		2400		480				480				4		0		
03241		1440		2400		240				240				0		0		
03242		1680		2400		240				240				0		0		
03243		1440		2640		240				240				4		0		
032431		1440		2640		120				120				0		0		
032432		1560		2640		120				120				0		2		3		6		
032433		1440		2760		120				120				0		3		9		12		15		
032434		1560		2760		120				120				0		4		6		9		12		15		
03244		1680		2640		240				240				4		0		
032441		1680		2640		120				120				0		3		4		6		7		
032442		1800		2640		120				120				0		0		
032443		1680		2760		120				120				0		5		6		7		9		12		15		
032444		1800		2760		120				120				0		1		15		
033		0		2880		960				960				4		0		
0331		0		2880		480				480				4		0		
03311		0		2880		240				240				4		0		
033111		0		2880		120				120				0		1		14		
033112		120		2880		120				120				0		1		14		
033113		0		3000		120				120				0		0		
033114		120		3000		120				120				0		0		
03312		240		2880		240				240				4		0		
033121		240		2880		120				120				0		1		14		
033122		360		2880		120				120				0		1		14		
033123		240		3000		120				120				0		0		
033124		360		3000		120				120				0		0		
03313		0		3120		240				240				0		0		
03314		240		3120		240				240				0		0		
0332		480		2880		480				480				0		0		
0333		0		3360		480				480				0		0		
0334		480		3360		480				480				0		0		
034		960		2880		960				960				4		0		
0341		960		2880		480				480				4		0		
03411		960		2880		240				240				4		0		
034111		960		2880		120				120				0		0		
034112		1080		2880		120				120				0		1		15		
034113		960		3000		120				120				0		0		
034114		1080		3000		120				120				0		0		
03412		1200		2880		240				240				4		0		
034121		1200		2880		120				120				0		1		15		
034122		1320		2880		120				120				0		1		15		
034123		1200		3000		120				120				0		0		
034124		1320		3000		120				120				0		0		
03413		960		3120		240				240				0		0		
03414		1200		3120		240				240				0		0		
0342		1440		2880		480				480				4		0		
03421		1440		2880		240				240				4		0		
034211		1440		2880		120				120				0		1		15		
034212		1560		2880		120				120				0		1		15		
034213		1440		3000		120				120				0		0		
034214		1560		3000		120				120				0		0		
03422		1680		2880		240				240				4		0		
034221		1680		2880		120				120				0		1		15		
034222		1800		2880		120				120				0		1		15		
034223		1680		3000		120				120				0		0		
034224		1800		3000		120				120				0		0		
03423		1440		3120		240				240				0		0		
03424		1680		3120		240				240				0		0		
0343		960		3360		480				480				0		0		
0344		1440		3360		480				480				0		0		
04		1920		1920		1920				1920				4		0		
041		1920		1920		960				960				4		0		
0411		1920		1920		480				480				0		0		
0412		2400		1920		480				480				0		0		
0413		1920		2400		480				480				4		0		
04131		1920		2400		240				240				0		0		
04132		2160		2400		240				240				0		0		
04133		1920		2640		240				240				4		0		
041331		1920		2640		120				120				0		0		
041332		2040		2640		120				120				0		0		
041333		1920		2760		120				120				0		4		10		13		15		50		
041334		2040		2760		120				120				0		5		10		13		15		18		50		
04134		2160		2640		240				240				4		0		
041341		2160		2640		120				120				0		0		
041342		2280		2640		120				120				0		0		
041343		2160		2760		120				120				0		4		10		19		20		23		
041344		2280		2760		120				120				0		4		21		22		23		24		
0414		2400		2400		480				480				4		0		
04141		2400		2400		240				240				0		0		
04142		2640		2400		240				240				0		0		
04143		2400		2640		240				240				4		0		
041431		2400		2640		120				120				0		0		
041432		2520		2640		120				120				0		1		0		
041433		2400		2760		120				120				0		4		24		37		38		39		
041434		2520		2760		120				120				0		1		0		
04144		2640		2640		240				240				0		0		
042		2880		1920		960				960				0		0		
043		1920		2880		960				960				4		0		
0431		1920		2880		480				480				4		0		
04311		1920		2880		240				240				4		0		
043111		1920		2880		120				120				0		1		15		
043112		2040		2880		120				120				0		2		15		18		
043113		1920		3000		120				120				0		0		
043114		2040		3000		120				120				0		0		
04312		2160		2880		240				240				4		0		
043121		2160		2880		120				120				0		2		19		20		
043122		2280		2880		120				120				0		2		25		47		
043123		2160		3000		120				120				0		0		
043124		2280		3000		120				120				0		2		47		51		
04313		1920		3120		240				240				0		0		
04314		2160		3120		240				240				4		0		
043141		2160		3120		120				120				0		0		
043142		2280		3120		120				120				0		2		48		51		
043143		2160		3240		120				120				0		0		
043144		2280		3240		120				120				0		3		40		41		48		
0432		2400		2880		480				480				4		0		
04321		2400		2880		240				240				4		0		
043211		2400		2880		120				120				0		3		25		26		27		
043212		2520		2880		120				120				0		2		1		26		
043213		2400		3000		120				120				0		2		27		28		
043214		2520		3000		120				120				0		1		1		
04322		2640		2880		240				240				0		0		
04323		2400		3120		240				240				4		0		
043231		2400		3120		120				120				0		3		27		28		29		
043232		2520		3120		120				120				0		1		1		
043233		2400		3240		120				120				0		4		29		30		31		41		
043234		2520		3240		120				120				0		1		1		
04324		2640		3120		240				240				0		0		
0433		1920		3360		480				480				4		0		
04331		1920		3360		240				240				0		0		
04332		2160		3360		240				240				4		0		
043321		2160		3360		120				120				0		0		
043322		2280		3360		120				120				0		3		41		42		49		
043323		2160		3480		120				120				0		0		
043324		2280		3480		120				120				0		1		42		
04333		1920		3600		240				240				0		0		
04334		2160		3600		240				240				4		0		
043341		2160		3600		120				120				0		0		
043342		2280		3600		120				120				0		1		42		
043343		2160		3720		120				120				0		0		
043344		2280		3720		120				120				0		4		42		43		44		45		
0434		2400		3360		480				480				4		0		
04341		2400		3360		240				240				4		0		
043411		2400		3360		120				120				0		3		31		32		41		
043412		2520		3360		120				120				0		1		1		
043413		2400		3480		120				120				0		2		16		32		
043414		2520		3480		120				120				0		2		1		16		
04342		2640		3360		240				240				0		0		
04343		2400		3600		240				240				4		0		
043431		2400		3600		120				120				0		0		
043432		2520		3600		120				120				0		0		
043433		2400		3720		120				120				0		3		43		44		45		
043434		2520		3720		120				120				0		1		45		
04344		2640		3600		240				240				4		0		
043441		2640		3600		120				120				0		0		
043442		2760		3600		120				120				0		2		33		34		
043443		2640		3720		120				120				0		2		17		45		
043444		2760		3720		120				120				0		2		17		45		
044		2880		2880		960				960				4		0		
0441		2880		2880		480				480				0		0		
0442		3360		2880		480				480				0		0		
0443		2880		3360		480				480				4		0		
04431		2880		3360		240				240				0		0		
04432		3120		3360		240				240				0		0		
04433		2880		3600		240				240				4		0		
044331		2880		3600		120				120				0		1		33		
044332		3000		3600		120				120				0		1		33		
044333		2880		3720		120				120				0		1		17		
044334		3000		3720		120				120				0		1		17		
04434		3120		3600		240				240				4		0		
044341		3120		3600		120				120				0		1		33		
044342		3240		3600		120				120				0		1		33		
044343		3120		3720		120				120				0		1		17		
044344		3240		3720		120				120				0		1		17		
0444		3360		3360		480				480				4		0		
04441		3360		3360		240				240				4		0		
044411		3360		3360		120				120				0		0		
044412		3480		3360		120				120				0		0		
044413		3360		3480		120				120				0		0		
044414		3480		3480		120				120				0		2		52		53		
04442		3600		3360		240				240				4		0		
044421		3600		3360		120				120				0		0		
044422		3720		3360		120				120				0		0		
044423		3600		3480		120				120				0		2		52		53		
044424		3720		3480		120				120				0		2		52		53		
04443		3360		3600		240				240				4		0		
044431		3360		3600		120				120				0		1		33		
044432		3480		3600		120				120				0		4		33		35		52		53		
044433		3360		3720		120				120				0		1		17		
044434		3480		3720		120				120				0		4		17		46		52		53		
04444		3600		3600		240				240				4		0		
044441		3600		3600		120				120				0		2		52		53		
044442		3720		3600		120				120				0		3		36		52		53		
044443		3600		3720		120				120				0		6		17		46		52		53		54		55		
044444		3720		3720		120				120				0		4		36		46		52		53		
