ID		XNode		YNode		WidthNode		HeightNode		ChildNodeCount		ObjectsCount		ChildsIndex
0		0		0		3840				3840				4		0		
01		0		0		1920				1920				0		0		
02		1920		0		1920				1920				0		0		
03		0		1920		1920				1920				4		0		
031		0		1920		960				960				4		0		
0311		0		1920		480				480				0		0		
0312		480		1920		480				480				0		0		
0313		0		2400		480				480				4		0		
03131		0		2400		240				240				0		0		
03132		240		2400		240				240				0		0		
03133		0		2640		240				240				4		0		
031331		0		2640		120				120				0		0		
031332		120		2640		120				120				0		0		
031333		0		2760		120				120				0		1		15		
031334		120		2760		120				120				0		3		7		12		15		
03134		240		2640		240				240				4		0		
031341		240		2640		120				120				0		3		3		23		24		
031342		360		2640		120				120				0		2		0		3		
031343		240		2760		120				120				0		4		3		7		23		24		
031344		360		2760		120				120				0		1		3		
0314		480		2400		480				480				0		0		
032		960		1920		960				960				4		0		
0321		960		1920		480				480				0		0		
0322		1440		1920		480				480				0		0		
0323		960		2400		480				480				4		0		
03231		960		2400		240				240				0		0		
03232		1200		2400		240				240				0		0		
03233		960		2640		240				240				4		0		
032331		960		2640		120				120				0		0		
032332		1080		2640		120				120				0		0		
032333		960		2760		120				120				0		0		
032334		1080		2760		120				120				0		1		16		
03234		1200		2640		240				240				4		0		
032341		1200		2640		120				120				0		0		
032342		1320		2640		120				120				0		0		
032343		1200		2760		120				120				0		1		16		
032344		1320		2760		120				120				0		1		16		
0324		1440		2400		480				480				4		0		
03241		1440		2400		240				240				0		0		
03242		1680		2400		240				240				0		0		
03243		1440		2640		240				240				4		0		
032431		1440		2640		120				120				0		0		
032432		1560		2640		120				120				0		3		1		4		5		
032433		1440		2760		120				120				0		3		8		13		16		
032434		1560		2760		120				120				0		3		4		5		8		
03244		1680		2640		240				240				4		0		
032441		1680		2640		120				120				0		3		2		5		6		
032442		1800		2640		120				120				0		0		
032443		1680		2760		120				120				0		4		5		6		9		17		
032444		1800		2760		120				120				0		1		17		
033		0		2880		960				960				0		0		
034		960		2880		960				960				0		0		
04		1920		1920		1920				1920				4		0		
041		1920		1920		960				960				4		0		
0411		1920		1920		480				480				0		0		
0412		2400		1920		480				480				0		0		
0413		1920		2400		480				480				4		0		
04131		1920		2400		240				240				0		0		
04132		2160		2400		240				240				0		0		
04133		1920		2640		240				240				4		0		
041331		1920		2640		120				120				0		0		
041332		2040		2640		120				120				0		0		
041333		1920		2760		120				120				0		3		10		14		17		
041334		2040		2760		120				120				0		1		10		
04134		2160		2640		240				240				0		0		
0414		2400		2400		480				480				4		0		
04141		2400		2400		240				240				0		0		
04142		2640		2400		240				240				0		0		
04143		2400		2640		240				240				4		0		
041431		2400		2640		120				120				0		0		
041432		2520		2640		120				120				0		0		
041433		2400		2760		120				120				0		1		11		
041434		2520		2760		120				120				0		0		
04144		2640		2640		240				240				0		0		
042		2880		1920		960				960				0		0		
043		1920		2880		960				960				4		0		
0431		1920		2880		480				480				0		0		
0432		2400		2880		480				480				0		0		
0433		1920		3360		480				480				4		0		
04331		1920		3360		240				240				0		0		
04332		2160		3360		240				240				0		0		
04333		1920		3600		240				240				0		0		
04334		2160		3600		240				240				4		0		
043341		2160		3600		120				120				0		0		
043342		2280		3600		120				120				0		0		
043343		2160		3720		120				120				0		0		
043344		2280		3720		120				120				0		1		19		
0434		2400		3360		480				480				4		0		
04341		2400		3360		240				240				4		0		
043411		2400		3360		120				120				0		0		
043412		2520		3360		120				120				0		0		
043413		2400		3480		120				120				0		1		18		
043414		2520		3480		120				120				0		1		18		
04342		2640		3360		240				240				0		0		
04343		2400		3600		240				240				4		0		
043431		2400		3600		120				120				0		0		
043432		2520		3600		120				120				0		0		
043433		2400		3720		120				120				0		3		19		20		22		
043434		2520		3720		120				120				0		1		22		
04344		2640		3600		240				240				4		0		
043441		2640		3600		120				120				0		0		
043442		2760		3600		120				120				0		0		
043443		2640		3720		120				120				0		2		21		22		
043444		2760		3720		120				120				0		1		21		
044		2880		2880		960				960				0		0		
