ID		XNode		YNode		WidthNode		HeightNode		ChildNodeCount		ObjectsCount		ChildsIndex
0		0		0		3344				3344				4		0		
01		0		0		1672				1672				4		0		
011		0		0		836				836				0		0		
012		836		0		836				836				0		0		
013		0		836		836				836				0		0		
014		836		836		836				836				4		0		
0141		836		836		418				418				0		0		
0142		1254		836		418				418				4		0		
01421		1254		836		209				209				0		0		
01422		1463		836		209				209				0		0		
01423		1254		1045		209				209				4		0		
014231		1254		1045		104				104				0		0		
014232		1358		1045		104				104				0		0		
014233		1254		1149		104				104				0		1		77		
014234		1358		1149		104				104				0		0		
01424		1463		1045		209				209				0		0		
0143		836		1254		418				418				0		0		
0144		1254		1254		418				418				4		0		
01441		1254		1254		209				209				4		0		
014411		1254		1254		104				104				0		1		77		
014412		1358		1254		104				104				0		0		
014413		1254		1358		104				104				0		5		15		77		78		81		115		
014414		1358		1358		104				104				0		2		15		78		
01442		1463		1254		209				209				4		0		
014421		1463		1254		104				104				0		1		12		
014422		1567		1254		104				104				0		3		10		11		12		
014423		1463		1358		104				104				0		5		12		13		15		78		82		
014424		1567		1358		104				104				0		3		12		13		15		
01443		1254		1463		209				209				4		0		
014431		1254		1463		104				104				0		3		81		83		119		
014432		1358		1463		104				104				0		1		0		
014433		1254		1567		104				104				0		3		20		21		119		
014434		1358		1567		104				104				0		3		0		20		21		
01444		1463		1463		209				209				4		0		
014441		1463		1463		104				104				0		2		17		82		
014442		1567		1463		104				104				0		0		
014443		1463		1567		104				104				0		4		17		20		21		84		
014444		1567		1567		104				104				0		0		
02		1672		0		1672				1672				4		0		
021		1672		0		836				836				0		0		
022		2508		0		836				836				0		0		
023		1672		836		836				836				4		0		
0231		1672		836		418				418				0		0		
0232		2090		836		418				418				0		0		
0233		1672		1254		418				418				4		0		
02331		1672		1254		209				209				4		0		
023311		1672		1254		104				104				0		3		10		11		12		
023312		1776		1254		104				104				0		3		10		11		12		
023313		1672		1358		104				104				0		3		12		13		15		
023314		1776		1358		104				104				0		6		12		13		15		79		80		116		
02332		1881		1254		209				209				4		0		
023321		1881		1254		104				104				0		1		11		
023322		1985		1254		104				104				0		0		
023323		1881		1358		104				104				0		4		13		15		79		80		
023324		1985		1358		104				104				0		1		14		
02333		1672		1463		209				209				4		0		
023331		1672		1463		104				104				0		0		
023332		1776		1463		104				104				0		4		116		117		118		120		
023333		1672		1567		104				104				0		0		
023334		1776		1567		104				104				0		2		120		121		
02334		1881		1463		209				209				4		0		
023341		1881		1463		104				104				0		2		16		117		
023342		1985		1463		104				104				0		1		16		
023343		1881		1567		104				104				0		4		18		19		22		121		
023344		1985		1567		104				104				0		0		
0234		2090		1254		418				418				0		0		
024		2508		836		836				836				0		0		
03		0		1672		1672				1672				4		0		
031		0		1672		836				836				4		0		
0311		0		1672		418				418				0		0		
0312		418		1672		418				418				0		0		
0313		0		2090		418				418				0		0		
0314		418		2090		418				418				4		0		
03141		418		2090		209				209				0		0		
03142		627		2090		209				209				0		0		
03143		418		2299		209				209				0		0		
03144		627		2299		209				209				4		0		
031441		627		2299		104				104				0		0		
031442		731		2299		104				104				0		2		45		104		
031443		627		2403		104				104				0		0		
031444		731		2403		104				104				0		1		46		
032		836		1672		836				836				4		0		
0321		836		1672		418				418				0		0		
0322		1254		1672		418				418				4		0		
03221		1254		1672		209				209				4		0		
032211		1254		1672		104				104				0		1		119		
032212		1358		1672		104				104				0		0		
032213		1254		1776		104				104				0		4		87		89		119		123		
032214		1358		1776		104				104				0		4		25		28		89		123		
03222		1463		1672		209				209				4		0		
032221		1463		1672		104				104				0		2		24		84		
032222		1567		1672		104				104				0		0		
032223		1463		1776		104				104				0		5		24		25		28		122		123		
032224		1567		1776		104				104				0		0		
03223		1254		1881		209				209				4		0		
032231		1254		1881		104				104				0		4		90		92		123		127		
032232		1358		1881		104				104				0		1		123		
032233		1254		1985		104				104				0		3		93		127		129		
032234		1358		1985		104				104				0		3		1		32		33		
03224		1463		1881		209				209				4		0		
032241		1463		1881		104				104				0		4		30		122		123		128		
032242		1567		1881		104				104				0		0		
032243		1463		1985		104				104				0		3		34		94		128		
032244		1567		1985		104				104				0		0		
0323		836		2090		418				418				4		0		
03231		836		2090		209				209				4		0		
032311		836		2090		104				104				0		0		
032312		940		2090		104				104				0		0		
032313		836		2194		104				104				0		0		
032314		940		2194		104				104				0		1		38		
03232		1045		2090		209				209				4		0		
032321		1045		2090		104				104				0		0		
032322		1149		2090		104				104				0		0		
032323		1045		2194		104				104				0		2		38		39		
032324		1149		2194		104				104				0		3		2		39		40		
03233		836		2299		209				209				4		0		
032331		836		2299		104				104				0		4		45		104		105		106		
032332		940		2299		104				104				0		5		44		45		104		105		106		
032333		836		2403		104				104				0		3		46		106		107		
032334		940		2403		104				104				0		4		106		107		108		109		
03234		1045		2299		209				209				4		0		
032341		1045		2299		104				104				0		4		39		42		44		45		
032342		1149		2299		104				104				0		7		39		40		42		44		45		103		130		
032343		1045		2403		104				104				0		0		
032344		1149		2403		104				104				0		0		
0324		1254		2090		418				418				4		0		
03241		1254		2090		209				209				4		0		
032411		1254		2090		104				104				0		2		93		97		
032412		1358		2090		104				104				0		2		1		97		
032413		1254		2194		104				104				0		1		101		
032414		1358		2194		104				104				0		4		36		37		41		101		
03242		1463		2090		209				209				4		0		
032421		1463		2090		104				104				0		3		94		97		100		
032422		1567		2090		104				104				0		0		
032423		1463		2194		104				104				0		3		37		94		102		
032424		1567		2194		104				104				0		0		
03243		1254		2299		209				209				4		0		
032431		1254		2299		104				104				0		3		101		103		130		
032432		1358		2299		104				104				0		4		41		43		101		103		
032433		1254		2403		104				104				0		0		
032434		1358		2403		104				104				0		0		
03244		1463		2299		209				209				4		0		
032441		1463		2299		104				104				0		3		43		102		103		
032442		1567		2299		104				104				0		0		
032443		1463		2403		104				104				0		0		
032444		1567		2403		104				104				0		0		
033		0		2508		836				836				4		0		
0331		0		2508		418				418				0		0		
0332		418		2508		418				418				4		0		
03321		418		2508		209				209				0		0		
03322		627		2508		209				209				4		0		
033221		627		2508		104				104				0		0		
033222		731		2508		104				104				0		2		47		49		
033223		627		2612		104				104				0		0		
033224		731		2612		104				104				0		2		49		111		
03323		418		2717		209				209				0		0		
03324		627		2717		209				209				4		0		
033241		627		2717		104				104				0		0		
033242		731		2717		104				104				0		2		54		111		
033243		627		2821		104				104				0		0		
033244		731		2821		104				104				0		2		54		133		
0333		0		2926		418				418				4		0		
03331		0		2926		209				209				0		0		
03332		209		2926		209				209				0		0		
03333		0		3135		209				209				4		0		
033331		0		3135		104				104				0		2		63		64		
033332		104		3135		104				104				0		4		3		6		64		65		
033333		0		3239		104				104				0		1		76		
033334		104		3239		104				104				0		3		6		8		76		
03334		209		3135		209				209				4		0		
033341		209		3135		104				104				0		1		66		
033342		313		3135		104				104				0		4		4		7		66		67		
033343		209		3239		104				104				0		1		76		
033344		313		3239		104				104				0		3		7		9		76		
0334		418		2926		418				418				4		0		
03341		418		2926		209				209				0		0		
03342		627		2926		209				209				4		0		
033421		627		2926		104				104				0		0		
033422		731		2926		104				104				0		1		134		
033423		627		3030		104				104				0		0		
033424		731		3030		104				104				0		1		59		
03343		418		3135		209				209				4		0		
033431		418		3135		104				104				0		3		7		68		69		
033432		522		3135		104				104				0		2		70		71		
033433		418		3239		104				104				0		3		7		9		76		
033434		522		3239		104				104				0		3		71		74		76		
03344		627		3135		209				209				4		0		
033441		627		3135		104				104				0		2		5		71		
033442		731		3135		104				104				0		1		112		
033443		627		3239		104				104				0		6		71		72		74		76		114		136		
033444		731		3239		104				104				0		4		72		112		114		136		
034		836		2508		836				836				4		0		
0341		836		2508		418				418				4		0		
03411		836		2508		209				209				4		0		
034111		836		2508		104				104				0		3		48		49		50		
034112		940		2508		104				104				0		5		48		50		109		110		131		
034113		836		2612		104				104				0		3		49		50		52		
034114		940		2612		104				104				0		4		50		51		52		110		
03412		1045		2508		209				209				0		0		
03413		836		2717		209				209				4		0		
034131		836		2717		104				104				0		2		52		53		
034132		940		2717		104				104				0		2		52		132		
034133		836		2821		104				104				0		3		55		56		133		
034134		940		2821		104				104				0		3		55		56		132		
03414		1045		2717		209				209				0		0		
0342		1254		2508		418				418				0		0		
0343		836		2926		418				418				4		0		
03431		836		2926		209				209				4		0		
034311		836		2926		104				104				0		3		56		57		58		
034312		940		2926		104				104				0		4		56		57		58		135		
034313		836		3030		104				104				0		1		59		
034314		940		3030		104				104				0		2		60		135		
03432		1045		2926		209				209				0		0		
03433		836		3135		209				209				4		0		
034331		836		3135		104				104				0		3		61		62		112		
034332		940		3135		104				104				0		4		60		62		113		135		
034333		836		3239		104				104				0		3		73		112		114		
034334		940		3239		104				104				0		3		75		113		114		
03434		1045		3135		209				209				0		0		
0344		1254		2926		418				418				0		0		
04		1672		1672		1672				1672				4		0		
041		1672		1672		836				836				4		0		
0411		1672		1672		418				418				4		0		
04111		1672		1672		209				209				4		0		
041111		1672		1672		104				104				0		0		
041112		1776		1672		104				104				0		3		85		86		121		
041113		1672		1776		104				104				0		0		
041114		1776		1776		104				104				0		3		29		86		88		
04112		1881		1672		209				209				4		0		
041121		1881		1672		104				104				0		3		22		85		121		
041122		1985		1672		104				104				0		1		23		
041123		1881		1776		104				104				0		2		26		29		
041124		1985		1776		104				104				0		1		27		
04113		1672		1881		209				209				4		0		
041131		1672		1881		104				104				0		0		
041132		1776		1881		104				104				0		3		29		88		124		
041133		1672		1985		104				104				0		0		
041134		1776		1985		104				104				0		3		88		95		96		
04114		1881		1881		209				209				4		0		
041141		1881		1881		104				104				0		2		29		124		
041142		1985		1881		104				104				0		1		124		
041143		1881		1985		104				104				0		2		95		96		
041144		1985		1985		104				104				0		0		
0412		2090		1672		418				418				4		0		
04121		2090		1672		209				209				0		0		
04122		2299		1672		209				209				0		0		
04123		2090		1881		209				209				4		0		
041231		2090		1881		104				104				0		0		
041232		2194		1881		104				104				0		0		
041233		2090		1985		104				104				0		0		
041234		2194		1985		104				104				0		1		35		
04124		2299		1881		209				209				4		0		
041241		2299		1881		104				104				0		1		31		
041242		2403		1881		104				104				0		1		31		
041243		2299		1985		104				104				0		2		31		35		
041244		2403		1985		104				104				0		2		31		35		
0413		1672		2090		418				418				4		0		
04131		1672		2090		209				209				4		0		
041311		1672		2090		104				104				0		0		
041312		1776		2090		104				104				0		2		96		98		
041313		1672		2194		104				104				0		0		
041314		1776		2194		104				104				0		0		
04132		1881		2090		209				209				4		0		
041321		1881		2090		104				104				0		2		96		98		
041322		1985		2090		104				104				0		1		98		
041323		1881		2194		104				104				0		0		
041324		1985		2194		104				104				0		0		
04133		1672		2299		209				209				0		0		
04134		1881		2299		209				209				0		0		
0414		2090		2090		418				418				4		0		
04141		2090		2090		209				209				4		0		
041411		2090		2090		104				104				0		1		98		
041412		2194		2090		104				104				0		2		35		98		
041413		2090		2194		104				104				0		0		
041414		2194		2194		104				104				0		0		
04142		2299		2090		209				209				4		0		
041421		2299		2090		104				104				0		2		35		98		
041422		2403		2090		104				104				0		1		35		
041423		2299		2194		104				104				0		0		
041424		2403		2194		104				104				0		0		
04143		2090		2299		209				209				0		0		
04144		2299		2299		209				209				0		0		
042		2508		1672		836				836				4		0		
0421		2508		1672		418				418				4		0		
04211		2508		1672		209				209				0		0		
04212		2717		1672		209				209				0		0		
04213		2508		1881		209				209				4		0		
042131		2508		1881		104				104				0		1		31		
042132		2612		1881		104				104				0		1		31		
042133		2508		1985		104				104				0		2		31		35		
042134		2612		1985		104				104				0		2		31		35		
04214		2717		1881		209				209				4		0		
042141		2717		1881		104				104				0		1		31		
042142		2821		1881		104				104				0		1		31		
042143		2717		1985		104				104				0		2		31		35		
042144		2821		1985		104				104				0		2		31		35		
0422		2926		1672		418				418				4		0		
04221		2926		1672		209				209				0		0		
04222		3135		1672		209				209				0		0		
04223		2926		1881		209				209				4		0		
042231		2926		1881		104				104				0		1		31		
042232		3030		1881		104				104				0		5		31		91		125		137		138		
042233		2926		1985		104				104				0		2		31		35		
042234		3030		1985		104				104				0		4		31		35		137		138		
04224		3135		1881		209				209				4		0		
042241		3135		1881		104				104				0		3		125		137		138		
042242		3239		1881		104				104				0		4		125		126		137		138		
042243		3135		1985		104				104				0		3		35		137		138		
042244		3239		1985		104				104				0		3		126		137		138		
0423		2508		2090		418				418				4		0		
04231		2508		2090		209				209				4		0		
042311		2508		2090		104				104				0		1		35		
042312		2612		2090		104				104				0		1		35		
042313		2508		2194		104				104				0		0		
042314		2612		2194		104				104				0		0		
04232		2717		2090		209				209				4		0		
042321		2717		2090		104				104				0		1		35		
042322		2821		2090		104				104				0		1		35		
042323		2717		2194		104				104				0		0		
042324		2821		2194		104				104				0		0		
04233		2508		2299		209				209				0		0		
04234		2717		2299		209				209				0		0		
0424		2926		2090		418				418				4		0		
04241		2926		2090		209				209				4		0		
042411		2926		2090		104				104				0		1		35		
042412		3030		2090		104				104				0		4		35		99		137		138		
042413		2926		2194		104				104				0		0		
042414		3030		2194		104				104				0		0		
04242		3135		2090		209				209				4		0		
042421		3135		2090		104				104				0		4		35		99		137		138		
042422		3239		2090		104				104				0		4		99		126		137		138		
042423		3135		2194		104				104				0		0		
042424		3239		2194		104				104				0		0		
04243		2926		2299		209				209				0		0		
04244		3135		2299		209				209				0		0		
043		1672		2508		836				836				0		0		
044		2508		2508		836				836				0		0		
