ID		XNode		YNode		WidthNode		HeightNode		ChildNodeCount		ObjectsCount		ChildsIndex
0		0		0		3344				3344				4		0		
01		0		0		1672				1672				4		0		
011		0		0		836				836				0		0		
012		836		0		836				836				0		0		
013		0		836		836				836				0		0		
014		836		836		836				836				4		0		
0141		836		836		418				418				0		0		
0142		1254		836		418				418				4		0		
01421		1254		836		209				209				0		0		
01422		1463		836		209				209				0		0		
01423		1254		1045		209				209				4		0		
014231		1254		1045		104				104				0		0		
014232		1358		1045		104				104				0		0		
014233		1254		1149		104				104				0		1		6		
014234		1358		1149		104				104				0		0		
01424		1463		1045		209				209				0		0		
0143		836		1254		418				418				0		0		
0144		1254		1254		418				418				4		0		
01441		1254		1254		209				209				4		0		
014411		1254		1254		104				104				0		1		6		
014412		1358		1254		104				104				0		0		
014413		1254		1358		104				104				0		11		6		7		10		44		71		145		200		201		202		203		204		
014414		1358		1358		104				104				0		7		7		71		200		201		202		203		204		
01442		1463		1254		209				209				4		0		
014421		1463		1254		104				104				0		1		68		
014422		1567		1254		104				104				0		3		66		67		68		
014423		1463		1358		104				104				0		10		7		11		68		69		71		200		201		202		203		204		
014424		1567		1358		104				104				0		3		68		69		71		
01443		1254		1463		209				209				4		0		
014431		1254		1463		104				104				0		10		10		12		48		145		147		200		201		202		203		204		
014432		1358		1463		104				104				0		7		132		147		200		201		202		203		204		
014433		1254		1567		104				104				0		15		48		76		77		147		148		195		196		197		198		199		200		201		202		203		204		
014434		1358		1567		104				104				0		14		76		77		132		147		195		196		197		198		199		200		201		202		203		204		
01444		1463		1463		209				209				4		0		
014441		1463		1463		104				104				0		7		11		73		200		201		202		203		204		
014442		1567		1463		104				104				0		0		
014443		1463		1567		104				104				0		14		13		73		76		77		195		196		197		198		199		200		201		202		203		204		
014444		1567		1567		104				104				0		0		
02		1672		0		1672				1672				4		0		
021		1672		0		836				836				0		0		
022		2508		0		836				836				0		0		
023		1672		836		836				836				4		0		
0231		1672		836		418				418				4		0		
02311		1672		836		209				209				0		0		
02312		1881		836		209				209				0		0		
02313		1672		1045		209				209				4		0		
023131		1672		1045		104				104				0		0		
023132		1776		1045		104				104				0		0		
023133		1672		1149		104				104				0		0		
023134		1776		1149		104				104				0		4		205		206		207		208		
02314		1881		1045		209				209				4		0		
023141		1881		1045		104				104				0		0		
023142		1985		1045		104				104				0		0		
023143		1881		1149		104				104				0		4		205		206		207		208		
023144		1985		1149		104				104				0		4		205		206		207		208		
0232		2090		836		418				418				0		0		
0233		1672		1254		418				418				4		0		
02331		1672		1254		209				209				4		0		
023311		1672		1254		104				104				0		3		66		67		68		
023312		1776		1254		104				104				0		7		66		67		68		205		206		207		208		
023313		1672		1358		104				104				0		3		68		69		71		
023314		1776		1358		104				104				0		11		8		9		45		68		69		71		205		206		207		208		209		
02332		1881		1254		209				209				4		0		
023321		1881		1254		104				104				0		5		67		205		206		207		208		
023322		1985		1254		104				104				0		4		205		206		207		208		
023323		1881		1358		104				104				0		10		8		9		69		71		144		205		206		207		208		209		
023324		1985		1358		104				104				0		7		70		144		205		206		207		208		209		
02333		1672		1463		209				209				4		0		
023331		1672		1463		104				104				0		0		
023332		1776		1463		104				104				0		5		45		46		47		49		209		
023333		1672		1567		104				104				0		0		
023334		1776		1567		104				104				0		4		49		50		209		210		
02334		1881		1463		209				209				4		0		
023341		1881		1463		104				104				0		5		46		72		144		146		209		
023342		1985		1463		104				104				0		3		72		144		209		
023343		1881		1567		104				104				0		7		50		74		75		78		149		209		210		
023344		1985		1567		104				104				0		2		209		210		
0234		2090		1254		418				418				0		0		
024		2508		836		836				836				0		0		
03		0		1672		1672				1672				4		0		
031		0		1672		836				836				4		0		
0311		0		1672		418				418				0		0		
0312		418		1672		418				418				0		0		
0313		0		2090		418				418				0		0		
0314		418		2090		418				418				4		0		
03141		418		2090		209				209				0		0		
03142		627		2090		209				209				4		0		
031421		627		2090		104				104				0		0		
031422		731		2090		104				104				0		3		185		186		187		
031423		627		2194		104				104				0		0		
031424		731		2194		104				104				0		3		185		186		187		
03143		418		2299		209				209				0		0		
03144		627		2299		209				209				4		0		
031441		627		2299		104				104				0		0		
031442		731		2299		104				104				0		9		33		100		155		182		183		184		185		186		187		
031443		627		2403		104				104				0		0		
031444		731		2403		104				104				0		5		101		155		182		183		184		
032		836		1672		836				836				4		0		
0321		836		1672		418				418				0		0		
0322		1254		1672		418				418				4		0		
03221		1254		1672		209				209				4		0		
032211		1254		1672		104				104				0		7		48		148		195		196		197		198		199		
032212		1358		1672		104				104				0		5		195		196		197		198		199		
032213		1254		1776		104				104				0		10		16		18		48		52		148		195		196		197		198		199		
032214		1358		1776		104				104				0		9		18		52		81		84		195		196		197		198		199		
03222		1463		1672		209				209				4		0		
032221		1463		1672		104				104				0		7		13		80		195		196		197		198		199		
032222		1567		1672		104				104				0		0		
032223		1463		1776		104				104				0		11		51		52		80		81		84		150		195		196		197		198		199		
032224		1567		1776		104				104				0		0		
03223		1254		1881		209				209				4		0		
032231		1254		1881		104				104				0		8		19		21		52		56		191		192		193		194		
032232		1358		1881		104				104				0		5		52		191		192		193		194		
032233		1254		1985		104				104				0		8		22		56		58		152		191		192		193		194		
032234		1358		1985		104				104				0		8		87		88		133		152		191		192		193		194		
03224		1463		1881		209				209				4		0		
032241		1463		1881		104				104				0		9		51		52		57		86		150		191		192		193		194		
032242		1567		1881		104				104				0		0		
032243		1463		1985		104				104				0		7		23		57		89		191		192		193		194		
032244		1567		1985		104				104				0		0		
0323		836		2090		418				418				4		0		
03231		836		2090		209				209				4		0		
032311		836		2090		104				104				0		3		185		186		187		
032312		940		2090		104				104				0		3		185		186		187		
032313		836		2194		104				104				0		3		185		186		187		
032314		940		2194		104				104				0		4		93		185		186		187		
03232		1045		2090		209				209				4		0		
032321		1045		2090		104				104				0		3		185		186		187		
032322		1149		2090		104				104				0		6		185		186		187		188		189		190		
032323		1045		2194		104				104				0		5		93		94		185		186		187		
032324		1149		2194		104				104				0		9		94		95		134		185		186		187		188		189		190		
03233		836		2299		209				209				4		0		
032331		836		2299		104				104				0		10		33		34		35		100		182		183		184		185		186		187		
032332		940		2299		104				104				0		11		33		34		35		99		100		182		183		184		185		186		187		
032333		836		2403		104				104				0		6		35		36		101		182		183		184		
032334		940		2403		104				104				0		7		35		36		37		38		182		183		184		
03234		1045		2299		209				209				4		0		
032341		1045		2299		104				104				0		7		94		97		99		100		185		186		187		
032342		1149		2299		104				104				0		15		4		5		32		59		94		95		97		99		100		185		186		187		188		189		190		
032343		1045		2403		104				104				0		0		
032344		1149		2403		104				104				0		0		
0324		1254		2090		418				418				4		0		
03241		1254		2090		209				209				4		0		
032411		1254		2090		104				104				0		13		22		26		152		185		186		187		188		189		190		191		192		193		194		
032412		1358		2090		104				104				0		10		26		133		152		188		189		190		191		192		193		194		
032413		1254		2194		104				104				0		7		30		185		186		187		188		189		190		
032414		1358		2194		104				104				0		8		30		91		92		96		154		188		189		190		
03242		1463		2090		209				209				4		0		
032421		1463		2090		104				104				0		11		23		26		29		153		188		189		190		191		192		193		194		
032422		1567		2090		104				104				0		0		
032423		1463		2194		104				104				0		7		23		31		92		153		188		189		190		
032424		1567		2194		104				104				0		0		
03243		1254		2299		209				209				4		0		
032431		1254		2299		104				104				0		9		30		32		59		185		186		187		188		189		190		
032432		1358		2299		104				104				0		8		30		32		96		98		154		188		189		190		
032433		1254		2403		104				104				0		0		
032434		1358		2403		104				104				0		0		
03244		1463		2299		209				209				4		0		
032441		1463		2299		104				104				0		6		31		32		98		188		189		190		
032442		1567		2299		104				104				0		0		
032443		1463		2403		104				104				0		0		
032444		1567		2403		104				104				0		0		
033		0		2508		836				836				4		0		
0331		0		2508		418				418				0		0		
0332		418		2508		418				418				4		0		
03321		418		2508		209				209				0		0		
03322		627		2508		209				209				4		0		
033221		627		2508		104				104				0		0		
033222		731		2508		104				104				0		6		102		104		156		182		183		184		
033223		627		2612		104				104				0		0		
033224		731		2612		104				104				0		6		40		104		158		179		180		181		
03323		418		2717		209				209				0		0		
03324		627		2717		209				209				4		0		
033241		627		2717		104				104				0		0		
033242		731		2717		104				104				0		6		40		109		158		179		180		181		
033243		627		2821		104				104				0		0		
033244		731		2821		104				104				0		8		62		109		176		177		178		179		180		181		
0333		0		2926		418				418				4		0		
03331		0		2926		209				209				4		0		
033311		0		2926		104				104				0		0		
033312		104		2926		104				104				0		0		
033313		0		3030		104				104				0		0		
033314		104		3030		104				104				0		3		168		169		170		
03332		209		2926		209				209				4		0		
033321		209		2926		104				104				0		0		
033322		313		2926		104				104				0		0		
033323		209		3030		104				104				0		3		168		169		170		
033324		313		3030		104				104				0		3		168		169		170		
03333		0		3135		209				209				4		0		
033331		0		3135		104				104				0		3		118		119		164		
033332		104		3135		104				104				0		8		119		120		135		138		165		168		169		170		
033333		0		3239		104				104				0		2		131		164		
033334		104		3239		104				104				0		6		131		138		140		168		169		170		
03334		209		3135		209				209				4		0		
033341		209		3135		104				104				0		4		121		168		169		170		
033342		313		3135		104				104				0		9		121		122		136		139		166		167		168		169		170		
033343		209		3239		104				104				0		4		131		168		169		170		
033344		313		3239		104				104				0		7		131		139		141		166		168		169		170		
0334		418		2926		418				418				4		0		
03341		418		2926		209				209				4		0		
033411		418		2926		104				104				0		0		
033412		522		2926		104				104				0		0		
033413		418		3030		104				104				0		3		171		172		173		
033414		522		3030		104				104				0		3		171		172		173		
03342		627		2926		209				209				4		0		
033421		627		2926		104				104				0		0		
033422		731		2926		104				104				0		5		63		161		176		177		178		
033423		627		3030		104				104				0		3		171		172		173		
033424		731		3030		104				104				0		5		114		161		176		177		178		
03343		418		3135		209				209				4		0		
033431		418		3135		104				104				0		7		123		124		139		167		171		172		173		
033432		522		3135		104				104				0		5		125		126		171		172		173		
033433		418		3239		104				104				0		6		131		139		141		171		172		173		
033434		522		3239		104				104				0		6		126		129		131		171		172		173		
03344		627		3135		209				209				4		0		
033441		627		3135		104				104				0		7		126		137		171		172		173		174		175		
033442		731		3135		104				104				0		3		41		174		175		
033443		627		3239		104				104				0		13		2		3		43		65		126		127		129		131		171		172		173		174		175		
033444		731		3239		104				104				0		6		41		43		65		127		174		175		
034		836		2508		836				836				4		0		
0341		836		2508		418				418				4		0		
03411		836		2508		209				209				4		0		
034111		836		2508		104				104				0		7		103		104		105		156		182		183		184		
034112		940		2508		104				104				0		9		38		39		60		103		105		157		182		183		184		
034113		836		2612		104				104				0		6		104		105		107		179		180		181		
034114		940		2612		104				104				0		8		39		105		106		107		157		179		180		181		
03412		1045		2508		209				209				0		0		
03413		836		2717		209				209				4		0		
034131		836		2717		104				104				0		6		107		108		159		179		180		181		
034132		940		2717		104				104				0		5		61		107		179		180		181		
034133		836		2821		104				104				0		10		62		110		111		159		176		177		178		179		180		181		
034134		940		2821		104				104				0		10		61		110		111		160		176		177		178		179		180		181		
03414		1045		2717		209				209				0		0		
0342		1254		2508		418				418				0		0		
0343		836		2926		418				418				4		0		
03431		836		2926		209				209				4		0		
034311		836		2926		104				104				0		6		111		112		113		176		177		178		
034312		940		2926		104				104				0		7		64		111		112		113		176		177		178		
034313		836		3030		104				104				0		4		114		176		177		178		
034314		940		3030		104				104				0		6		64		115		162		176		177		178		
03432		1045		2926		209				209				0		0		
03433		836		3135		209				209				4		0		
034331		836		3135		104				104				0		6		41		116		117		163		174		175		
034332		940		3135		104				104				0		7		42		64		115		117		162		174		175		
034333		836		3239		104				104				0		6		41		43		128		163		174		175		
034334		940		3239		104				104				0		5		42		43		130		174		175		
03434		1045		3135		209				209				0		0		
0344		1254		2926		418				418				0		0		
04		1672		1672		1672				1672				4		0		
041		1672		1672		836				836				4		0		
0411		1672		1672		418				418				4		0		
04111		1672		1672		209				209				4		0		
041111		1672		1672		104				104				0		0		
041112		1776		1672		104				104				0		4		14		15		50		210		
041113		1672		1776		104				104				0		0		
041114		1776		1776		104				104				0		5		15		17		85		151		210		
04112		1881		1672		209				209				4		0		
041121		1881		1672		104				104				0		5		14		50		78		149		210		
041122		1985		1672		104				104				0		3		0		79		210		
041123		1881		1776		104				104				0		4		1		82		85		210		
041124		1985		1776		104				104				0		3		1		83		210		
04113		1672		1881		209				209				4		0		
041131		1672		1881		104				104				0		0		
041132		1776		1881		104				104				0		5		17		53		85		151		211		
041133		1672		1985		104				104				0		0		
041134		1776		1985		104				104				0		4		17		24		25		211		
04114		1881		1881		209				209				4		0		
041141		1881		1881		104				104				0		4		1		53		85		211		
041142		1985		1881		104				104				0		3		1		53		211		
041143		1881		1985		104				104				0		3		24		25		211		
041144		1985		1985		104				104				0		1		211		
0412		2090		1672		418				418				4		0		
04121		2090		1672		209				209				0		0		
04122		2299		1672		209				209				0		0		
04123		2090		1881		209				209				4		0		
041231		2090		1881		104				104				0		1		211		
041232		2194		1881		104				104				0		2		142		143		
041233		2090		1985		104				104				0		1		211		
041234		2194		1985		104				104				0		2		90		143		
04124		2299		1881		209				209				4		0		
041241		2299		1881		104				104				0		2		142		143		
041242		2403		1881		104				104				0		1		143		
041243		2299		1985		104				104				0		2		90		143		
041244		2403		1985		104				104				0		2		90		143		
0413		1672		2090		418				418				4		0		
04131		1672		2090		209				209				4		0		
041311		1672		2090		104				104				0		0		
041312		1776		2090		104				104				0		3		25		27		211		
041313		1672		2194		104				104				0		0		
041314		1776		2194		104				104				0		0		
04132		1881		2090		209				209				4		0		
041321		1881		2090		104				104				0		3		25		27		211		
041322		1985		2090		104				104				0		2		27		211		
041323		1881		2194		104				104				0		0		
041324		1985		2194		104				104				0		0		
04133		1672		2299		209				209				0		0		
04134		1881		2299		209				209				0		0		
0414		2090		2090		418				418				4		0		
04141		2090		2090		209				209				4		0		
041411		2090		2090		104				104				0		2		27		211		
041412		2194		2090		104				104				0		2		27		90		
041413		2090		2194		104				104				0		0		
041414		2194		2194		104				104				0		0		
04142		2299		2090		209				209				4		0		
041421		2299		2090		104				104				0		2		27		90		
041422		2403		2090		104				104				0		1		90		
041423		2299		2194		104				104				0		0		
041424		2403		2194		104				104				0		0		
04143		2090		2299		209				209				0		0		
04144		2299		2299		209				209				0		0		
042		2508		1672		836				836				4		0		
0421		2508		1672		418				418				4		0		
04211		2508		1672		209				209				0		0		
04212		2717		1672		209				209				0		0		
04213		2508		1881		209				209				4		0		
042131		2508		1881		104				104				0		1		143		
042132		2612		1881		104				104				0		2		143		213		
042133		2508		1985		104				104				0		3		90		143		212		
042134		2612		1985		104				104				0		3		90		143		213		
04214		2717		1881		209				209				4		0		
042141		2717		1881		104				104				0		2		143		213		
042142		2821		1881		104				104				0		1		143		
042143		2717		1985		104				104				0		3		90		143		213		
042144		2821		1985		104				104				0		3		90		143		214		
0422		2926		1672		418				418				4		0		
04221		2926		1672		209				209				0		0		
04222		3135		1672		209				209				0		0		
04223		2926		1881		209				209				4		0		
042231		2926		1881		104				104				0		1		143		
042232		3030		1881		104				104				0		4		20		54		143		215		
042233		2926		1985		104				104				0		2		90		143		
042234		3030		1985		104				104				0		3		90		143		215		
04224		3135		1881		209				209				4		0		
042241		3135		1881		104				104				0		2		54		215		
042242		3239		1881		104				104				0		3		54		55		215		
042243		3135		1985		104				104				0		2		90		215		
042244		3239		1985		104				104				0		2		55		215		
0423		2508		2090		418				418				4		0		
04231		2508		2090		209				209				4		0		
042311		2508		2090		104				104				0		1		90		
042312		2612		2090		104				104				0		1		90		
042313		2508		2194		104				104				0		0		
042314		2612		2194		104				104				0		0		
04232		2717		2090		209				209				4		0		
042321		2717		2090		104				104				0		1		90		
042322		2821		2090		104				104				0		1		90		
042323		2717		2194		104				104				0		0		
042324		2821		2194		104				104				0		0		
04233		2508		2299		209				209				0		0		
04234		2717		2299		209				209				0		0		
0424		2926		2090		418				418				4		0		
04241		2926		2090		209				209				4		0		
042411		2926		2090		104				104				0		1		90		
042412		3030		2090		104				104				0		3		28		90		215		
042413		2926		2194		104				104				0		0		
042414		3030		2194		104				104				0		0		
04242		3135		2090		209				209				4		0		
042421		3135		2090		104				104				0		3		28		90		215		
042422		3239		2090		104				104				0		3		28		55		215		
042423		3135		2194		104				104				0		0		
042424		3239		2194		104				104				0		0		
04243		2926		2299		209				209				0		0		
04244		3135		2299		209				209				0		0		
043		1672		2508		836				836				0		0		
044		2508		2508		836				836				0		0		
