59
-1	2528	2656	32	224	
-1	2528	2896	32	656	
-1	2448	2800	48	16	
-1	2448	2832	48	48	
-1	384	2720	96	32	
-1	1632	2720	32	32	
-1	1760	2720	32	32	
-1	320	2752	160	32	
-1	1600	2752	96	32	
-1	1728	2752	64	32	
-1	224	2784	256	32	
-1	1504	2784	288	32	
-1	2016	2784	208	16	
-1	192	2816	288	32	
-1	1472	2816	320	32	
-1	1984	2816	80	32	
-1	0	2848	480	48	
-1	1184	2848	880	48	
-1	2400	3552	160	48	
-1	2720	3760	896	32	
-1	2448	2816	64	16	
-1	2256	2784	32	16	
-1	2336	2784	160	16	
-1	2304	2880	192	16	
-1	2128	2800	16	96	
-1	2192	2800	16	96	
-1	2256	2800	16	96	
-1	2352	2800	16	80	
-1	2384	2800	16	80	
-1	2304	3248	64	64	
-1	2304	3312	128	80	
-1	2304	3456	64	272	
-1	2304	3728	128	32	
-1	2304	3760	192	32	
-1	2304	3792	512	48	
-1	3584	3792	256	48	
-1	2304	2896	32	112	
-1	2304	3200	32	48	
-1	2304	3392	32	64	
-1	2016	2800	48	16	
-1	2304	3008	64	192	
-1	2512	2880	48	16	
-1	2400	2992	32	208	
-1	2464	3024	32	176	
-1	2464	3216	32	64	
-1	2400	3280	32	32	
-1	2464	3312	32	80	
-1	2400	3424	32	96	
-1	2768	3600	48	64	
-1	2768	3664	832	32	
-1	3584	3600	16	64	
-1	3824	3600	16	192	
28	514	2716	32	16	480	2704	336	64	
28	650	2781	32	16	608	2768	336	48	
28	811	2847	32	16	736	2832	400	48	
24	3583	3606	256	224	3568	3568	288	272	
25	3782	3758	31	32	3536	3584	336	256	
26	3617	3758	32	32	3600	3744	64	64	
26	3652	3760	32	32	3632	3744	64	64	
