ID		XNode		YNode		WidthNode		HeightNode		ChildNodeCount		ObjectsCount		ChildsIndex
0		0		0		3344				3344				4		0		
01		0		0		1672				1672				4		0		
011		0		0		836				836				0		0		
012		836		0		836				836				0		0		
013		0		836		836				836				0		0		
014		836		836		836				836				4		0		
0141		836		836		418				418				0		0		
0142		1254		836		418				418				4		0		
01421		1254		836		209				209				0		0		
01422		1463		836		209				209				0		0		
01423		1254		1045		209				209				4		0		
014231		1254		1045		104				104				0		0		
014232		1358		1045		104				104				0		0		
014233		1254		1149		104				104				0		1		88		
014234		1358		1149		104				104				0		0		
01424		1463		1045		209				209				0		0		
0143		836		1254		418				418				0		0		
0144		1254		1254		418				418				4		0		
01441		1254		1254		209				209				4		0		
014411		1254		1254		104				104				0		1		88		
014412		1358		1254		104				104				0		0		
014413		1254		1358		104				104				0		11		0		27		88		89		92		139		199		200		201		202		203		
014414		1358		1358		104				104				0		7		27		89		199		200		201		202		203		
01442		1463		1254		209				209				4		0		
014421		1463		1254		104				104				0		1		24		
014422		1567		1254		104				104				0		3		22		23		24		
014423		1463		1358		104				104				0		10		24		25		27		89		93		199		200		201		202		203		
014424		1567		1358		104				104				0		3		24		25		27		
01443		1254		1463		209				209				4		0		
014431		1254		1463		104				104				0		10		4		92		94		139		141		199		200		201		202		203		
014432		1358		1463		104				104				0		7		126		141		199		200		201		202		203		
014433		1254		1567		104				104				0		14		4		32		33		141		142		195		196		197		198		199		200		201		202		203		
014434		1358		1567		104				104				0		13		32		33		126		141		195		196		197		198		199		200		201		202		203		
01444		1463		1463		209				209				4		0		
014441		1463		1463		104				104				0		7		29		93		199		200		201		202		203		
014442		1567		1463		104				104				0		0		
014443		1463		1567		104				104				0		13		29		32		33		95		195		196		197		198		199		200		201		202		203		
014444		1567		1567		104				104				0		0		
02		1672		0		1672				1672				4		0		
021		1672		0		836				836				0		0		
022		2508		0		836				836				0		0		
023		1672		836		836				836				4		0		
0231		1672		836		418				418				4		0		
02311		1672		836		209				209				0		0		
02312		1881		836		209				209				0		0		
02313		1672		1045		209				209				4		0		
023131		1672		1045		104				104				0		0		
023132		1776		1045		104				104				0		0		
023133		1672		1149		104				104				0		4		204		205		206		207		
023134		1776		1149		104				104				0		4		204		205		206		207		
02314		1881		1045		209				209				4		0		
023141		1881		1045		104				104				0		0		
023142		1985		1045		104				104				0		0		
023143		1881		1149		104				104				0		4		204		205		206		207		
023144		1985		1149		104				104				0		4		204		205		206		207		
0232		2090		836		418				418				0		0		
0233		1672		1254		418				418				4		0		
02331		1672		1254		209				209				4		0		
023311		1672		1254		104				104				0		7		22		23		24		204		205		206		207		
023312		1776		1254		104				104				0		7		22		23		24		204		205		206		207		
023313		1672		1358		104				104				0		7		24		25		27		204		205		206		207		
023314		1776		1358		104				104				0		10		1		24		25		27		90		91		204		205		206		207		
02332		1881		1254		209				209				4		0		
023321		1881		1254		104				104				0		5		23		204		205		206		207		
023322		1985		1254		104				104				0		4		204		205		206		207		
023323		1881		1358		104				104				0		9		25		27		90		91		138		204		205		206		207		
023324		1985		1358		104				104				0		6		26		138		204		205		206		207		
02333		1672		1463		209				209				4		0		
023331		1672		1463		104				104				0		0		
023332		1776		1463		104				104				0		5		1		2		3		5		208		
023333		1672		1567		104				104				0		0		
023334		1776		1567		104				104				0		4		5		6		208		209		
02334		1881		1463		209				209				4		0		
023341		1881		1463		104				104				0		5		2		28		138		140		208		
023342		1985		1463		104				104				0		3		28		138		208		
023343		1881		1567		104				104				0		7		6		30		31		34		143		208		209		
023344		1985		1567		104				104				0		2		208		209		
0234		2090		1254		418				418				0		0		
024		2508		836		836				836				0		0		
03		0		1672		1672				1672				4		0		
031		0		1672		836				836				4		0		
0311		0		1672		418				418				0		0		
0312		418		1672		418				418				0		0		
0313		0		2090		418				418				0		0		
0314		418		2090		418				418				4		0		
03141		418		2090		209				209				0		0		
03142		627		2090		209				209				4		0		
031421		627		2090		104				104				0		0		
031422		731		2090		104				104				0		3		185		186		187		
031423		627		2194		104				104				0		0		
031424		731		2194		104				104				0		3		185		186		187		
03143		418		2299		209				209				0		0		
03144		627		2299		209				209				4		0		
031441		627		2299		104				104				0		0		
031442		731		2299		104				104				0		9		56		115		149		182		183		184		185		186		187		
031443		627		2403		104				104				0		0		
031444		731		2403		104				104				0		5		57		149		182		183		184		
032		836		1672		836				836				4		0		
0321		836		1672		418				418				0		0		
0322		1254		1672		418				418				4		0		
03221		1254		1672		209				209				4		0		
032211		1254		1672		104				104				0		6		4		142		195		196		197		198		
032212		1358		1672		104				104				0		4		195		196		197		198		
032213		1254		1776		104				104				0		9		4		8		98		100		142		195		196		197		198		
032214		1358		1776		104				104				0		8		8		37		40		100		195		196		197		198		
03222		1463		1672		209				209				4		0		
032221		1463		1672		104				104				0		6		36		95		195		196		197		198		
032222		1567		1672		104				104				0		0		
032223		1463		1776		104				104				0		10		7		8		36		37		40		144		195		196		197		198		
032224		1567		1776		104				104				0		0		
03223		1254		1881		209				209				4		0		
032231		1254		1881		104				104				0		8		8		12		101		103		191		192		193		194		
032232		1358		1881		104				104				0		5		8		191		192		193		194		
032233		1254		1985		104				104				0		8		12		14		104		146		191		192		193		194		
032234		1358		1985		104				104				0		8		43		44		127		146		191		192		193		194		
03224		1463		1881		209				209				4		0		
032241		1463		1881		104				104				0		9		7		8		13		42		144		191		192		193		194		
032242		1567		1881		104				104				0		0		
032243		1463		1985		104				104				0		7		13		45		105		191		192		193		194		
032244		1567		1985		104				104				0		0		
0323		836		2090		418				418				4		0		
03231		836		2090		209				209				4		0		
032311		836		2090		104				104				0		3		185		186		187		
032312		940		2090		104				104				0		3		185		186		187		
032313		836		2194		104				104				0		3		185		186		187		
032314		940		2194		104				104				0		4		49		185		186		187		
03232		1045		2090		209				209				4		0		
032321		1045		2090		104				104				0		3		185		186		187		
032322		1149		2090		104				104				0		6		185		186		187		188		189		190		
032323		1045		2194		104				104				0		5		49		50		185		186		187		
032324		1149		2194		104				104				0		9		50		51		128		185		186		187		188		189		190		
03233		836		2299		209				209				4		0		
032331		836		2299		104				104				0		10		56		115		116		117		182		183		184		185		186		187		
032332		940		2299		104				104				0		11		55		56		115		116		117		182		183		184		185		186		187		
032333		836		2403		104				104				0		6		57		117		118		182		183		184		
032334		940		2403		104				104				0		7		117		118		119		120		182		183		184		
03234		1045		2299		209				209				4		0		
032341		1045		2299		104				104				0		7		50		53		55		56		185		186		187		
032342		1149		2299		104				104				0		15		15		50		51		53		55		56		114		166		167		185		186		187		188		189		190		
032343		1045		2403		104				104				0		0		
032344		1149		2403		104				104				0		0		
0324		1254		2090		418				418				4		0		
03241		1254		2090		209				209				4		0		
032411		1254		2090		104				104				0		13		104		108		146		185		186		187		188		189		190		191		192		193		194		
032412		1358		2090		104				104				0		12		108		127		146		186		187		188		189		190		191		192		193		194		
032413		1254		2194		104				104				0		7		112		185		186		187		188		189		190		
032414		1358		2194		104				104				0		10		47		48		52		112		148		186		187		188		189		190		
03242		1463		2090		209				209				4		0		
032421		1463		2090		104				104				0		11		105		108		111		147		188		189		190		191		192		193		194		
032422		1567		2090		104				104				0		0		
032423		1463		2194		104				104				0		7		48		105		113		147		188		189		190		
032424		1567		2194		104				104				0		0		
03243		1254		2299		209				209				4		0		
032431		1254		2299		104				104				0		9		15		112		114		185		186		187		188		189		190		
032432		1358		2299		104				104				0		10		52		54		112		114		148		186		187		188		189		190		
032433		1254		2403		104				104				0		0		
032434		1358		2403		104				104				0		0		
03244		1463		2299		209				209				4		0		
032441		1463		2299		104				104				0		6		54		113		114		188		189		190		
032442		1567		2299		104				104				0		0		
032443		1463		2403		104				104				0		0		
032444		1567		2403		104				104				0		0		
033		0		2508		836				836				4		0		
0331		0		2508		418				418				0		0		
0332		418		2508		418				418				4		0		
03321		418		2508		209				209				0		0		
03322		627		2508		209				209				4		0		
033221		627		2508		104				104				0		0		
033222		731		2508		104				104				0		9		58		60		150		179		180		181		182		183		184		
033223		627		2612		104				104				0		0		
033224		731		2612		104				104				0		6		60		122		152		179		180		181		
03323		418		2717		209				209				0		0		
03324		627		2717		209				209				4		0		
033241		627		2717		104				104				0		0		
033242		731		2717		104				104				0		6		65		122		152		179		180		181		
033243		627		2821		104				104				0		0		
033244		731		2821		104				104				0		8		18		65		176		177		178		179		180		181		
0333		0		2926		418				418				4		0		
03331		0		2926		209				209				4		0		
033311		0		2926		104				104				0		0		
033312		104		2926		104				104				0		0		
033313		0		3030		104				104				0		0		
033314		104		3030		104				104				0		3		168		169		170		
03332		209		2926		209				209				4		0		
033321		209		2926		104				104				0		0		
033322		313		2926		104				104				0		0		
033323		209		3030		104				104				0		3		168		169		170		
033324		313		3030		104				104				0		3		168		169		170		
03333		0		3135		209				209				4		0		
033331		0		3135		104				104				0		3		74		75		158		
033332		104		3135		104				104				0		8		75		76		129		132		159		168		169		170		
033333		0		3239		104				104				0		2		87		158		
033334		104		3239		104				104				0		6		87		132		134		168		169		170		
03334		209		3135		209				209				4		0		
033341		209		3135		104				104				0		4		77		168		169		170		
033342		313		3135		104				104				0		9		77		78		130		133		160		161		168		169		170		
033343		209		3239		104				104				0		4		87		168		169		170		
033344		313		3239		104				104				0		7		87		133		135		160		168		169		170		
0334		418		2926		418				418				4		0		
03341		418		2926		209				209				4		0		
033411		418		2926		104				104				0		0		
033412		522		2926		104				104				0		0		
033413		418		3030		104				104				0		3		168		169		170		
033414		522		3030		104				104				0		3		171		172		173		
03342		627		2926		209				209				4		0		
033421		627		2926		104				104				0		0		
033422		731		2926		104				104				0		5		19		155		176		177		178		
033423		627		3030		104				104				0		5		171		172		173		174		175		
033424		731		3030		104				104				0		10		70		155		171		172		173		174		175		176		177		178		
03343		418		3135		209				209				4		0		
033431		418		3135		104				104				0		7		79		80		133		161		168		169		170		
033432		522		3135		104				104				0		5		81		82		171		172		173		
033433		418		3239		104				104				0		6		87		133		135		168		169		170		
033434		522		3239		104				104				0		6		82		85		87		171		172		173		
03344		627		3135		209				209				4		0		
033441		627		3135		104				104				0		7		82		131		171		172		173		174		175		
033442		731		3135		104				104				0		6		123		171		172		173		174		175		
033443		627		3239		104				104				0		13		21		82		83		85		87		125		164		165		171		172		173		174		175		
033444		731		3239		104				104				0		9		21		83		123		125		171		172		173		174		175		
034		836		2508		836				836				4		0		
0341		836		2508		418				418				4		0		
03411		836		2508		209				209				4		0		
034111		836		2508		104				104				0		10		59		60		61		150		179		180		181		182		183		184		
034112		940		2508		104				104				0		12		16		59		61		120		121		151		179		180		181		182		183		184		
034113		836		2612		104				104				0		6		60		61		63		179		180		181		
034114		940		2612		104				104				0		8		61		62		63		121		151		179		180		181		
03412		1045		2508		209				209				0		0		
03413		836		2717		209				209				4		0		
034131		836		2717		104				104				0		6		63		64		153		179		180		181		
034132		940		2717		104				104				0		5		17		63		179		180		181		
034133		836		2821		104				104				0		10		18		66		67		153		176		177		178		179		180		181		
034134		940		2821		104				104				0		10		17		66		67		154		176		177		178		179		180		181		
03414		1045		2717		209				209				0		0		
0342		1254		2508		418				418				0		0		
0343		836		2926		418				418				4		0		
03431		836		2926		209				209				4		0		
034311		836		2926		104				104				0		6		67		68		69		176		177		178		
034312		940		2926		104				104				0		7		20		67		68		69		176		177		178		
034313		836		3030		104				104				0		6		70		174		175		176		177		178		
034314		940		3030		104				104				0		8		20		71		156		174		175		176		177		178		
03432		1045		2926		209				209				0		0		
03433		836		3135		209				209				4		0		
034331		836		3135		104				104				0		6		72		73		123		157		174		175		
034332		940		3135		104				104				0		7		20		71		73		124		156		174		175		
034333		836		3239		104				104				0		6		84		123		125		157		174		175		
034334		940		3239		104				104				0		5		86		124		125		174		175		
03434		1045		3135		209				209				0		0		
0344		1254		2926		418				418				0		0		
04		1672		1672		1672				1672				4		0		
041		1672		1672		836				836				4		0		
0411		1672		1672		418				418				4		0		
04111		1672		1672		209				209				4		0		
041111		1672		1672		104				104				0		0		
041112		1776		1672		104				104				0		4		6		96		97		209		
041113		1672		1776		104				104				0		0		
041114		1776		1776		104				104				0		5		41		97		99		145		209		
04112		1881		1672		209				209				4		0		
041121		1881		1672		104				104				0		5		6		34		96		143		209		
041122		1985		1672		104				104				0		3		35		162		209		
041123		1881		1776		104				104				0		4		38		41		163		209		
041124		1985		1776		104				104				0		3		39		163		209		
04113		1672		1881		209				209				4		0		
041131		1672		1881		104				104				0		0		
041132		1776		1881		104				104				0		5		9		41		99		145		210		
041133		1672		1985		104				104				0		0		
041134		1776		1985		104				104				0		4		99		106		107		210		
04114		1881		1881		209				209				4		0		
041141		1881		1881		104				104				0		4		9		41		163		210		
041142		1985		1881		104				104				0		3		9		163		210		
041143		1881		1985		104				104				0		3		106		107		210		
041144		1985		1985		104				104				0		1		210		
0412		2090		1672		418				418				4		0		
04121		2090		1672		209				209				0		0		
04122		2299		1672		209				209				0		0		
04123		2090		1881		209				209				4		0		
041231		2090		1881		104				104				0		1		210		
041232		2194		1881		104				104				0		2		136		137		
041233		2090		1985		104				104				0		1		210		
041234		2194		1985		104				104				0		2		46		137		
04124		2299		1881		209				209				4		0		
041241		2299		1881		104				104				0		2		136		137		
041242		2403		1881		104				104				0		1		137		
041243		2299		1985		104				104				0		2		46		137		
041244		2403		1985		104				104				0		2		46		137		
0413		1672		2090		418				418				4		0		
04131		1672		2090		209				209				4		0		
041311		1672		2090		104				104				0		0		
041312		1776		2090		104				104				0		3		107		109		210		
041313		1672		2194		104				104				0		0		
041314		1776		2194		104				104				0		0		
04132		1881		2090		209				209				4		0		
041321		1881		2090		104				104				0		3		107		109		210		
041322		1985		2090		104				104				0		2		109		210		
041323		1881		2194		104				104				0		0		
041324		1985		2194		104				104				0		0		
04133		1672		2299		209				209				0		0		
04134		1881		2299		209				209				0		0		
0414		2090		2090		418				418				4		0		
04141		2090		2090		209				209				4		0		
041411		2090		2090		104				104				0		2		109		210		
041412		2194		2090		104				104				0		2		46		109		
041413		2090		2194		104				104				0		0		
041414		2194		2194		104				104				0		0		
04142		2299		2090		209				209				4		0		
041421		2299		2090		104				104				0		2		46		109		
041422		2403		2090		104				104				0		1		46		
041423		2299		2194		104				104				0		0		
041424		2403		2194		104				104				0		0		
04143		2090		2299		209				209				0		0		
04144		2299		2299		209				209				0		0		
042		2508		1672		836				836				4		0		
0421		2508		1672		418				418				4		0		
04211		2508		1672		209				209				0		0		
04212		2717		1672		209				209				0		0		
04213		2508		1881		209				209				4		0		
042131		2508		1881		104				104				0		1		137		
042132		2612		1881		104				104				0		2		137		212		
042133		2508		1985		104				104				0		3		46		137		211		
042134		2612		1985		104				104				0		3		46		137		212		
04214		2717		1881		209				209				4		0		
042141		2717		1881		104				104				0		1		137		
042142		2821		1881		104				104				0		1		137		
042143		2717		1985		104				104				0		3		46		137		213		
042144		2821		1985		104				104				0		3		46		137		213		
0422		2926		1672		418				418				4		0		
04221		2926		1672		209				209				0		0		
04222		3135		1672		209				209				0		0		
04223		2926		1881		209				209				4		0		
042231		2926		1881		104				104				0		1		137		
042232		3030		1881		104				104				0		5		10		102		137		214		215		
042233		2926		1985		104				104				0		2		46		137		
042234		3030		1985		104				104				0		4		46		137		214		215		
04224		3135		1881		209				209				4		0		
042241		3135		1881		104				104				0		3		10		214		215		
042242		3239		1881		104				104				0		4		10		11		214		215		
042243		3135		1985		104				104				0		3		46		214		215		
042244		3239		1985		104				104				0		3		11		214		215		
0423		2508		2090		418				418				4		0		
04231		2508		2090		209				209				4		0		
042311		2508		2090		104				104				0		1		46		
042312		2612		2090		104				104				0		1		46		
042313		2508		2194		104				104				0		0		
042314		2612		2194		104				104				0		0		
04232		2717		2090		209				209				4		0		
042321		2717		2090		104				104				0		1		46		
042322		2821		2090		104				104				0		1		46		
042323		2717		2194		104				104				0		0		
042324		2821		2194		104				104				0		0		
04233		2508		2299		209				209				0		0		
04234		2717		2299		209				209				0		0		
0424		2926		2090		418				418				4		0		
04241		2926		2090		209				209				4		0		
042411		2926		2090		104				104				0		1		46		
042412		3030		2090		104				104				0		4		46		110		214		215		
042413		2926		2194		104				104				0		0		
042414		3030		2194		104				104				0		0		
04242		3135		2090		209				209				4		0		
042421		3135		2090		104				104				0		4		46		110		214		215		
042422		3239		2090		104				104				0		4		11		110		214		215		
042423		3135		2194		104				104				0		0		
042424		3239		2194		104				104				0		0		
04243		2926		2299		209				209				0		0		
04244		3135		2299		209				209				0		0		
043		1672		2508		836				836				0		0		
044		2508		2508		836				836				0		0		
